0.627
0.591
0.41
1.01
1.142
0.397
0.332
0.768
0.377
0.703
0.491
0.8
0.856
0.884
0.046
-0.298
0.533
0.758
0.271
0.281
0.881
0.747
0.143
0.527
0.273
0.608
0.217
0.129
0.235
0.866
1.025
1.081
0.951
0.447
0.428
0.141
0.978
0.544
0.508
0.68
0.192
0.185
0.058
0.463
0.72
0.867
0.78
0.364
0.208
0.228
0.126
0.381
0.31
0.395
0.223
0.467
0.425
0.66
1.528
0.144
0.627
0.735
0.707
0.561
0.456
0.764
0.268
0.16
0.672
0.08
0.147
0.805
-0.293
0.171
0.241
0.375
1.028
0.118
0.168
0.334
0.834
1.302
0.353
0.369
0.316
0.194
0.331
0.845
1.424
0.363
-0.12
0.695
1.107
1.036
0.397
0.719
0.493
1.86
0.364
0.311
0.537
0.319
0.782
0.885
0.66
0.542
0.645
0.547
0.34
0.204
0.503
0.946
0.65
0.139
0.676
1.053
0.526
0.372
0.428
0.347
0.213
0.197
0.259
0.285
0.436
0.242
0.404
0.43
0.349
0.301
0.301
0.475
0.324
0.332
0.365
0.464
0.341
0.302
0.44
0.411
0.742
0.321
0.46
0.786
0.188
0.384
0.34
0.341
0.304
0.644
0.471
0.538
0.605
0.13
0.986
0.134
0.441
0.324
0.34
0.338
0.704
0.386
0.569
0.838
0.437
0.544
1.02
-0.377
0.045
0.695
0.714
0.737
0.127
0.048
0.128
-0.958
0.531
0.347
0.321
0.565
0.521
0.06
0.117
0.031
0.162
0.369
0.714
0.253
0.295
0.636
0.499
0.459
0.626
0.35
0.278
0.382
0.345
0.455
0.534
-0.027
0.439
0.011
0.584
0.158
0.479
0.779
0.817
0.416
0.431
0.229
0.168
0.164
0.185
0.082
0.142
0.038
0.087
0.306
0.396
3.423
0.33
0.218
0.302
0.167
0.287
0.165
0.826
0.504
0.289
0.348
0.649
0.553
0.774
0.879
0.841
0.781
1.392
0.437
0.481
0.761
0.744
0.58
0.631
1.238
0.985
0.334
0.325
0.114
0.331
0.661
0.36
0.084
0.355
0.366
0.385
0.371
0.545
-0.057
0.405
0.919
0.771
0.968
1.033
0.952
0.575
0.611
0.877
1.155
1.293
1.098
1.054
1.051
1.001
1.27
0.838
0.491
0.259
0.516
0.281
0.269
0.276
0.085
0.55
0.729
0.63
0.491
0.782
0.587
0.408
0.521
0.501
0.48
0.451
0.667
0.529
0.16
0.258
0.965
0.876
0.785
0.862
1.145
1.051
0.851
1.22
0.901
0.951
1.168
0.979
0.963
1.321
1.04
0.986
0.963
0.926
0.992
0.128
0.423
0.545
0.291
0.969
1.018
0.691
0.794
0.708
0.503
0.584
1.09
0.19
-0.185
0.461
0.52
0.373
0.394
0.312
0.299
0.375
0.276
0.29
0.25
0.28
0.384
0.386
0.27
0.73
0.336
-0.737
0.395
1.065
0.591
0.493
-0.086
0.462
0.638
0.657
0.967
0.196
0.51
0.49
0.962
1.365
0.536
0.568
0.24
0.609
0.97
1.023
0.936
0.008
0.655
2.323
0.37
2.072
0.503
0.3
2.024
1.368
0.284
0.484
0.962
0.277
0.398
0.756
0.052
0.315
0.426
0.789
0.36
2.14
0.271
2.706
1.258
0.418
1.036
0.605
0.242
0.427
0.386
2.499
0.336
3.536
0.343
0.632
0.614
