0.741
0.662
0.54
0.707
0.776
0.496
0.518
0.612
0.563
0.634
0.505
0.652
0.935
0.97
0.16
-0.386
0.671
0.782
0.472
0.456
0.834
0.775
0.245
0.677
0.416
0.569
0.454
0.387
0.471
0.729
0.506
1.036
1.115
0.537
0.542
0.224
0.97
0.56
0.661
0.806
0.239
0.394
0.186
0.607
0.839
0.896
0.919
0.448
0.483
0.449
0.321
0.536
0.508
0.611
0.478
0.507
0.602
0.665
0.426
0.369
0.697
0.904
0.883
0.649
0.539
0.451
0.352
0.347
0.627
0.267
0.345
0.869
-0.144
0.361
0.371
0.499
0.951
0.255
0.244
0.514
0.943
1.456
0.461
0.387
0.5
0.34
0.377
0.984
0.985
0.428
0.078
0.459
0.888
0.721
0.486
0.678
0.612
0.763
0.389
0.383
0.609
0.486
0.387
0.738
0.664
0.615
0.657
0.593
0.587
0.388
0.688
0.536
0.448
0.256
0.448
0.961
0.607
0.58
0.676
0.54
0.413
0.439
0.445
0.488
0.597
0.492
0.621
0.606
0.548
0.498
0.505
0.6
0.54
0.516
0.475
0.577
0.513
0.491
0.555
0.55
0.787
0.386
0.739
0.582
0.334
0.558
0.409
0.433
0.302
0.599
0.606
0.505
0.62
0.302
0.995
0.237
0.555
0.414
0.541
0.491
0.302
0.57
0.655
0.918
0.437
0.775
0.918
-0.251
0.144
0.816
0.879
0.783
0.224
0.279
0.259
-1.059
0.643
0.547
0.483
0.659
0.608
0.186
0.192
0.18
0.229
0.478
0.653
0.484
0.508
0.656
0.504
0.606
0.799
0.49
0.357
0.572
0.524
0.578
0.451
0.193
0.687
0.207
0.657
0.328
0.145
0.817
0.958
0.553
0.391
0.379
0.343
0.314
0.404
0.291
0.333
0.219
0.268
0.464
0.429
-0.473
0.56
0.379
0.453
0.22
0.344
0.394
0.961
0.577
0.388
0.514
0.861
0.685
0.849
0.921
0.907
0.735
1.336
0.569
0.614
0.743
0.847
0.795
0.675
0.991
0.647
0.474
0.302
0.295
0.548
0.522
0.449
0.281
0.475
0.493
0.437
0.458
0.579
0.062
0.378
0.896
0.892
0.929
0.912
0.884
0.706
0.674
0.887
1.234
1.296
0.951
1.212
1.109
1.112
1.259
0.936
0.483
0.466
0.518
0.458
0.409
0.408
0.256
0.498
0.583
0.498
0.465
0.57
0.513
0.424
0.427
0.494
0.415
0.468
0.589
0.551
0.309
0.421
0.914
0.812
0.842
0.851
0.869
0.825
0.709
0.852
0.798
1.009
0.849
0.852
0.893
0.978
0.912
0.977
0.902
0.908
0.912
0.268
0.555
0.423
0.459
0.715
0.773
0.734
0.718
0.569
0.628
0.542
0.88
0.436
-0.069
0.449
0.511
0.404
0.444
0.521
0.459
0.498
0.435
0.412
0.438
0.39
0.477
0.43
0.421
0.927
0.428
-0.779
0.358
0.975
0.748
0.671
0.11
0.461
0.682
0.49
0.858
0.391
0.66
0.558
0.585
0.582
0.729
0.764
0.464
0.586
1.048
0.958
0.967
0.172
0.76
0.708
0.469
0.806
0.573
0.394
0.788
0.73
0.494
0.633
0.782
0.422
0.417
0.629
0.266
0.485
0.461
0.661
0.467
0.652
0.424
0.774
0.616
0.574
0.649
0.576
0.422
0.437
0.491
0.712
0.47
0.722
0.497
0.551
0.715
