0.527
0.49
0.385
0.724
0.818
0.364
0.316
0.578
0.359
0.552
0.461
0.682
0.641
0.667
0.175
0.007
0.456
0.598
0.302
0.305
0.679
0.602
0.195
0.444
0.299
0.38
0.249
0.187
0.265
0.363
0.763
0.755
0.747
0.421
0.407
0.222
0.701
0.469
0.409
0.572
0.258
0.241
0.188
0.42
0.572
0.637
0.59
0.359
0.278
0.255
0.206
0.339
0.321
0.351
0.309
0.415
0.414
0.519
1.049
0.227
0.522
0.596
0.577
0.474
0.417
0.557
0.293
0.24
0.522
0.151
0.215
0.652
-0.02
0.269
0.282
0.367
0.745
0.214
0.223
0.345
0.574
0.929
0.3
0.359
0.319
0.26
0.327
0.657
0.989
0.34
0.089
0.531
0.809
0.75
0.364
0.549
0.444
1.162
0.365
0.324
0.458
0.303
0.566
0.622
0.504
0.466
0.509
0.453
0.312
0.282
0.441
0.703
0.488
0.231
0.479
0.801
0.43
0.344
0.378
0.301
0.266
0.246
0.282
0.294
0.394
0.244
0.387
0.364
0.357
0.314
0.295
0.409
0.319
0.316
0.356
0.375
0.314
0.283
0.377
0.366
0.563
0.33
0.493
0.562
0.267
0.366
0.342
0.331
0.326
0.511
0.399
0.43
0.521
0.184
0.771
0.242
0.39
0.302
0.338
0.315
0.549
0.321
0.452
0.653
0.409
0.464
0.75
-0.06
0.157
0.556
0.553
0.592
0.21
0.15
0.203
-0.351
0.438
0.353
0.331
0.468
0.452
0.184
0.225
0.172
0.218
0.36
0.565
0.323
0.317
0.53
0.446
0.414
0.486
0.367
0.299
0.34
0.379
0.414
0.451
0.103
0.374
0.163
0.497
0.205
0.401
0.531
0.528
0.35
0.225
0.276
0.221
0.257
0.209
0.196
0.207
0.184
0.202
0.31
0.338
2.044
0.344
0.295
0.315
0.268
0.318
0.222
0.647
0.442
0.302
0.338
0.543
0.438
0.598
0.662
0.677
0.621
1.003
0.424
0.44
0.617
0.557
0.49
0.521
0.855
0.771
0.312
0.362
0.221
0.365
0.507
0.358
0.15
0.32
0.368
0.369
0.362
0.427
0.151
0.368
0.706
0.558
0.708
0.737
0.696
0.471
0.473
0.663
0.839
0.813
0.808
0.677
0.706
0.745
0.878
0.634
0.431
0.254
0.442
0.313
0.29
0.325
0.262
0.466
0.557
0.486
0.415
0.605
0.464
0.371
0.423
0.419
0.384
0.404
0.533
0.43
0.236
0.279
0.72
0.671
0.63
0.669
0.815
0.754
0.623
0.849
0.655
0.722
1.039
0.755
0.719
0.944
0.771
0.74
0.715
0.693
0.732
0.063
0.39
0.448
0.31
0.674
0.72
0.493
0.629
0.545
0.392
0.479
0.802
0.212
0.038
0.424
0.408
0.349
0.327
0.295
0.296
0.329
0.252
0.29
0.224
0.267
0.331
0.362
0.279
0.574
0.328
-0.036
0.376
0.807
0.507
0.453
0.135
0.408
0.537
0.5
0.737
0.268
0.443
0.42
0.694
0.909
0.447
0.461
0.293
0.495
0.765
0.773
0.694
0.174
0.508
1.441
0.336
1.32
0.454
0.311
1.26
0.907
0.264
0.394
0.711
0.275
0.368
0.587
0.145
0.302
0.379
0.587
0.329
1.347
0.282
1.666
0.862
0.356
0.717
0.484
0.267
0.419
0.345
1.549
0.318
2.134
0.335
0.521
0.5
