0.551
0.573
0.527
0.509
0.503
0.533
0.61
0.456
0.589
0.313
0.55
0.496
0.524
0.509
0.624
0.65
0.596
0.5
0.515
0.49
0.548
0.521
0.563
0.522
0.517
0.49
0.634
0.591
0.556
0.383
0.373
0.401
0.483
0.381
0.562
0.452
0.545
0.425
0.542
0.545
0.511
0.576
0.521
0.544
0.592
0.566
0.574
0.499
0.518
0.497
0.525
0.507
0.568
0.59
0.543
0.554
0.565
0.442
0.2
0.64
0.555
0.541
0.532
0.521
0.527
0.598
0.577
0.55
0.467
0.629
0.555
0.512
0.743
0.566
0.528
0.546
0.434
0.545
0.568
0.574
0.558
0.535
0.517
0.488
0.578
0.536
0.413
0.513
0.327
0.499
0.643
0.455
0.471
0.511
0.533
0.507
0.482
0.401
0.501
0.488
0.494
0.505
0.324
0.475
0.52
0.554
0.511
0.555
0.628
0.58
0.543
0.383
0.406
0.584
0.462
0.521
0.549
0.608
0.635
0.612
0.636
0.615
0.617
0.638
0.568
0.653
0.584
0.606
0.574
0.643
0.636
0.571
0.597
0.613
0.558
0.591
0.614
0.646
0.573
0.572
0.493
0.568
0.762
0.411
0.533
0.511
0.503
0.598
0.435
0.522
0.538
0.433
0.548
0.696
0.506
0.497
0.579
0.572
0.55
0.514
0.369
0.53
0.536
0.519
0.438
0.633
0.505
0.589
0.609
0.437
0.522
0.425
0.473
0.571
0.564
0.415
0.435
0.53
0.535
0.591
0.5
0.51
0.48
0.476
0.495
0.489
0.447
0.6
0.619
0.496
0.479
0.559
0.555
0.501
0.479
0.587
0.62
0.634
0.461
0.623
0.64
0.631
0.559
0.564
0.315
0.558
0.602
0.623
0.434
0.574
0.513
0.519
0.62
0.608
0.592
0.553
0.582
0.551
0.495
0.06
0.595
0.561
0.527
0.442
0.476
0.64
0.516
0.613
0.623
0.528
0.567
0.535
0.586
0.562
0.482
0.573
0.468
0.539
0.577
0.394
0.417
0.616
0.449
0.449
0.412
0.559
0.464
0.573
0.62
0.425
0.514
0.582
0.502
0.558
0.553
0.496
0.487
0.483
0.583
0.535
0.527
0.565
0.576
0.607
0.583
0.541
0.563
0.582
0.562
0.498
0.591
0.614
0.575
0.549
0.571
0.506
0.554
0.446
0.514
0.499
0.465
0.459
0.485
0.487
0.494
0.531
0.469
0.52
0.524
0.475
0.496
0.485
0.507
0.489
0.508
0.558
0.58
0.51
0.5
0.543
0.561
0.479
0.465
0.463
0.45
0.491
0.542
0.428
0.519
0.537
0.469
0.526
0.548
0.564
0.555
0.539
0.521
0.518
0.385
0.592
0.54
0.511
0.623
0.548
0.5
0.466
0.469
0.473
0.61
0.583
0.489
0.49
0.459
0.477
0.528
0.477
0.485
0.482
0.49
0.519
0.494
0.48
0.504
0.511
0.574
0.549
0.263
0.398
0.453
0.548
0.551
0.228
0.517
0.493
0.54
0.495
0.535
0.583
0.488
0.473
0.427
0.614
0.608
0.649
0.498
0.519
0.553
0.44
0.485
0.567
0.372
0.512
0.418
0.493
0.534
0.415
0.451
0.606
0.562
0.506
0.574
0.535
0.514
0.595
0.557
0.495
0.475
0.538
0.375
0.577
0.379
0.466
0.593
0.485
0.525
0.577
0.558
0.572
0.344
0.559
0.291
0.572
0.485
0.479
