0.616
0.607
0.567
0.621
0.622
0.552
0.507
0.574
0.579
0.62
0.649
0.672
0.669
0.694
0.508
0.558
0.585
0.566
0.526
0.528
0.636
0.595
0.519
0.546
0.542
0.52
0.542
0.504
0.52
0.582
0.646
0.627
0.618
0.571
0.518
0.489
0.75
0.569
0.633
0.603
0.541
0.501
0.509
0.564
0.653
0.662
0.617
0.516
0.546
0.526
0.54
0.543
0.515
0.532
0.533
0.556
0.574
0.564
0.656
0.53
0.616
0.675
0.667
0.561
0.596
0.656
0.589
0.537
0.517
0.561
0.503
0.654
0.482
0.488
0.527
0.508
0.69
0.518
0.527
0.55
0.636
0.761
0.557
0.525
0.57
0.478
0.432
0.595
0.675
0.496
0.558
0.475
0.605
0.662
0.524
0.586
0.559
0.557
0.528
0.456
0.583
0.516
0.49
0.551
0.539
0.538
0.546
0.539
0.526
0.497
0.628
0.524
0.512
0.549
0.524
0.657
0.55
0.529
0.579
0.577
0.544
0.578
0.557
0.581
0.571
0.55
0.527
0.585
0.514
0.596
0.572
0.512
0.588
0.54
0.552
0.543
0.596
0.567
0.501
0.563
0.576
0.533
0.69
0.541
0.5
0.534
0.561
0.536
0.512
0.55
0.525
0.589
0.597
0.617
0.685
0.48
0.55
0.561
0.566
0.493
0.415
0.507
0.553
0.662
0.512
0.642
0.605
0.52
0.492
0.635
0.629
0.64
0.481
0.529
0.519
0.374
0.57
0.56
0.531
0.599
0.583
0.453
0.478
0.464
0.456
0.488
0.604
0.571
0.569
0.556
0.541
0.565
0.703
0.515
0.443
0.558
0.621
0.596
0.52
0.535
0.62
0.572
0.583
0.46
0.798
0.664
0.718
0.596
0.565
0.531
0.539
0.559
0.544
0.594
0.558
0.555
0.566
0.517
0.565
0.055
0.543
0.538
0.529
0.451
0.484
0.556
0.658
0.621
0.598
0.472
0.659
0.576
0.646
0.668
0.696
0.596
0.762
0.557
0.646
0.59
0.622
0.635
0.558
0.716
0.709
0.506
0.549
0.557
0.584
0.535
0.575
0.461
0.563
0.594
0.531
0.523
0.527
0.533
0.571
0.625
0.592
0.642
0.706
0.699
0.589
0.586
0.631
0.74
0.689
0.651
0.709
0.702
0.677
0.671
0.673
0.539
0.535
0.51
0.468
0.504
0.459
0.495
0.526
0.528
0.568
0.547
0.548
0.548
0.541
0.536
0.551
0.51
0.547
0.563
0.569
0.523
0.549
0.621
0.581
0.648
0.633
0.599
0.556
0.551
0.608
0.597
0.678
0.706
0.657
0.659
0.63
0.613
0.642
0.665
0.669
0.65
0.467
0.525
0.463
0.537
0.566
0.652
0.556
0.629
0.574
0.566
0.538
0.624
0.542
0.496
0.496
0.46
0.505
0.457
0.45
0.474
0.481
0.44
0.457
0.453
0.469
0.511
0.492
0.51
0.577
0.536
0.548
0.466
0.61
0.622
0.592
0.455
0.516
0.525
0.551
0.61
0.531
0.586
0.576
0.512
0.499
0.611
0.634
0.592
0.551
0.675
0.666
0.695
0.523
0.619
0.537
0.529
0.58
0.551
0.511
0.541
0.532
0.55
0.541
0.591
0.54
0.51
0.523
0.541
0.561
0.483
0.572
0.525
0.525
0.534
0.548
0.562
0.535
0.544
0.515
0.522
0.628
0.503
0.529
0.564
0.533
0.539
0.532
0.584
