0.406
0.358
0.275
0.462
0.531
0.24
0.229
0.347
0.269
0.349
0.319
0.496
0.51
0.541
0.058
-0.173
0.342
0.457
0.203
0.197
0.518
0.454
0.079
0.328
0.203
0.171
0.177
0.121
0.193
0.088
0.426
0.594
0.678
0.29
0.282
0.088
0.536
0.309
0.29
0.466
0.116
0.163
0.091
0.31
0.457
0.48
0.481
0.219
0.217
0.166
0.132
0.221
0.246
0.272
0.251
0.266
0.343
0.351
0.531
0.168
0.381
0.499
0.473
0.334
0.279
0.277
0.181
0.149
0.33
0.059
0.122
0.519
-0.115
0.193
0.168
0.25
0.555
0.099
0.09
0.253
0.443
0.843
0.156
0.198
0.218
0.17
0.171
0.554
0.688
0.187
0.032
0.276
0.58
0.49
0.237
0.366
0.324
0.64
0.206
0.184
0.316
0.186
0.27
0.396
0.329
0.332
0.355
0.308
0.244
0.199
0.346
0.396
0.255
0.135
0.222
0.622
0.288
0.262
0.318
0.198
0.188
0.191
0.195
0.205
0.292
0.177
0.313
0.265
0.287
0.225
0.207
0.295
0.233
0.225
0.234
0.256
0.228
0.197
0.244
0.251
0.412
0.2
0.481
0.309
0.158
0.277
0.209
0.197
0.152
0.332
0.269
0.239
0.382
0.121
0.639
0.127
0.273
0.16
0.255
0.202
0.253
0.204
0.302
0.526
0.242
0.386
0.558
-0.18
0.045
0.44
0.443
0.444
0.077
0.081
0.096
-0.513
0.305
0.274
0.231
0.341
0.323
0.081
0.086
0.072
0.061
0.231
0.383
0.263
0.243
0.379
0.284
0.308
0.394
0.267
0.159
0.234
0.302
0.308
0.254
0.044
0.321
0.109
0.363
0.108
0.11
0.363
0.392
0.24
0.009
0.17
0.112
0.159
0.134
0.126
0.116
0.109
0.129
0.198
0.169
0.667
0.274
0.196
0.198
0.122
0.173
0.155
0.541
0.303
0.172
0.229
0.469
0.313
0.462
0.524
0.553
0.457
0.866
0.315
0.334
0.466
0.44
0.412
0.367
0.615
0.524
0.197
0.192
0.132
0.29
0.28
0.223
0.063
0.193
0.259
0.226
0.217
0.249
0.053
0.193
0.547
0.432
0.533
0.525
0.512
0.362
0.334
0.509
0.719
0.643
0.602
0.562
0.563
0.633
0.729
0.506
0.255
0.158
0.276
0.225
0.192
0.233
0.193
0.286
0.338
0.279
0.25
0.38
0.272
0.224
0.221
0.253
0.189
0.258
0.347
0.281
0.13
0.174
0.543
0.49
0.498
0.514
0.558
0.52
0.413
0.565
0.451
0.59
0.832
0.561
0.542
0.682
0.574
0.584
0.537
0.533
0.545
-0.092
0.263
0.237
0.213
0.422
0.474
0.328
0.441
0.322
0.255
0.293
0.575
0.148
-0.069
0.257
0.241
0.197
0.167
0.203
0.183
0.197
0.133
0.159
0.115
0.132
0.195
0.214
0.176
0.524
0.222
-0.135
0.185
0.624
0.411
0.357
0.096
0.254
0.381
0.281
0.548
0.189
0.332
0.277
0.414
0.503
0.357
0.378
0.232
0.318
0.65
0.595
0.548
0.097
0.377
0.756
0.206
0.759
0.318
0.175
0.702
0.532
0.178
0.279
0.496
0.18
0.224
0.394
0.072
0.206
0.227
0.382
0.198
0.708
0.187
0.897
0.482
0.252
0.413
0.305
0.169
0.262
0.21
0.81
0.197
1.09
0.229
0.338
0.38
