0.148
0.148
0.117
0.264
0.294
0.122
0.092
0.221
0.101
0.199
0.149
0.212
0.173
0.174
0.085
0.093
0.131
0.171
0.096
0.102
0.197
0.176
0.088
0.131
0.094
0.174
0.072
0.057
0.074
0.21
0.314
0.21
0.154
0.135
0.129
0.103
0.202
0.161
0.126
0.146
0.114
0.074
0.075
0.123
0.152
0.187
0.151
0.13
0.07
0.083
0.066
0.113
0.086
0.093
0.073
0.145
0.099
0.173
0.469
0.061
0.158
0.145
0.146
0.149
0.139
0.246
0.102
0.081
0.188
0.067
0.078
0.176
0.039
0.077
0.102
0.118
0.224
0.091
0.103
0.099
0.162
0.196
0.123
0.143
0.101
0.084
0.134
0.16
0.331
0.134
0.036
0.227
0.259
0.267
0.124
0.188
0.133
0.49
0.142
0.124
0.149
0.107
0.257
0.225
0.175
0.145
0.164
0.149
0.08
0.084
0.118
0.286
0.206
0.083
0.219
0.228
0.143
0.094
0.086
0.099
0.078
0.061
0.086
0.09
0.114
0.068
0.096
0.106
0.089
0.093
0.089
0.124
0.092
0.094
0.119
0.12
0.091
0.086
0.13
0.116
0.172
0.12
0.078
0.231
0.096
0.101
0.123
0.122
0.144
0.179
0.131
0.172
0.157
0.055
0.195
0.095
0.122
0.121
0.093
0.107
0.254
0.11
0.151
0.172
0.155
0.112
0.227
0.047
0.08
0.149
0.145
0.174
0.101
0.053
0.084
0.022
0.14
0.094
0.102
0.141
0.139
0.079
0.107
0.075
0.116
0.124
0.19
0.077
0.085
0.166
0.158
0.119
0.124
0.108
0.12
0.107
0.096
0.12
0.179
0.039
0.082
0.047
0.149
0.079
0.226
0.176
0.156
0.111
0.152
0.096
0.088
0.088
0.066
0.061
0.076
0.062
0.065
0.105
0.143
1.14
0.087
0.095
0.109
0.118
0.126
0.064
0.159
0.143
0.115
0.108
0.123
0.135
0.168
0.18
0.175
0.188
0.238
0.123
0.124
0.18
0.151
0.116
0.166
0.273
0.263
0.107
0.148
0.077
0.093
0.206
0.127
0.064
0.116
0.113
0.133
0.133
0.164
0.07
0.152
0.2
0.156
0.21
0.236
0.213
0.131
0.149
0.19
0.2
0.225
0.245
0.17
0.19
0.179
0.224
0.17
0.163
0.086
0.159
0.091
0.094
0.097
0.072
0.171
0.21
0.191
0.155
0.222
0.178
0.136
0.177
0.156
0.166
0.141
0.187
0.148
0.089
0.096
0.213
0.207
0.172
0.191
0.276
0.252
0.216
0.298
0.218
0.187
0.285
0.228
0.213
0.301
0.233
0.204
0.212
0.199
0.221
0.089
0.127
0.186
0.097
0.249
0.253
0.167
0.204
0.21
0.134
0.178
0.256
0.061
0.056
0.157
0.154
0.136
0.137
0.091
0.104
0.12
0.099
0.113
0.089
0.112
0.123
0.135
0.095
0.113
0.105
0.039
0.163
0.231
0.129
0.12
0.033
0.147
0.169
0.2
0.223
0.079
0.127
0.142
0.269
0.38
0.116
0.115
0.073
0.175
0.185
0.222
0.191
0.062
0.15
0.633
0.12
0.54
0.144
0.12
0.527
0.36
0.082
0.121
0.234
0.089
0.134
0.2
0.055
0.095
0.14
0.207
0.119
0.59
0.09
0.72
0.356
0.109
0.287
0.174
0.09
0.15
0.125
0.682
0.112
0.96
0.106
0.183
0.142
