0.967
0.847
0.745
0.989
1.119
0.645
0.608
0.87
0.677
0.762
0.969
1.239
1.009
1.033
0.475
0.377
0.825
0.925
0.657
0.61
1.08
0.986
0.593
0.83
0.618
0.543
0.565
0.397
0.475
0.568
0.955
1.263
1.191
0.655
0.729
0.495
1.155
0.754
0.792
0.973
0.476
0.499
0.435
0.736
0.981
1.076
1.089
0.693
0.629
0.546
0.508
0.548
0.523
0.676
0.652
0.697
0.754
0.888
1.31
0.519
0.921
1.044
1.064
0.798
0.685
0.989
0.533
0.542
0.784
0.443
0.508
1.061
0.498
0.586
0.572
0.673
1.153
0.497
0.572
0.701
0.988
1.467
0.5
0.689
0.588
0.56
0.526
1.086
1.41
0.606
0.477
0.659
1.227
1.114
0.688
0.844
0.83
1.094
0.717
0.588
0.877
0.576
0.679
0.899
0.833
0.836
0.74
0.803
0.624
0.592
0.769
1.003
0.592
0.57
0.631
1.244
0.645
0.656
0.669
0.615
0.519
0.598
0.544
0.566
0.672
0.497
0.75
0.635
0.71
0.613
0.568
0.679
0.64
0.588
0.598
0.667
0.609
0.589
0.645
0.635
0.952
0.589
0.801
0.736
0.545
0.69
0.644
0.602
0.612
0.804
0.696
0.634
0.893
0.432
1.239
0.592
0.725
0.514
0.682
0.537
0.74
0.611
0.76
1.113
0.709
0.877
1.174
0.586
0.497
0.928
1.011
1.028
0.534
0.435
0.5
0.277
0.798
0.629
0.654
0.873
0.786
0.443
0.505
0.432
0.473
0.647
0.93
0.655
0.624
0.86
0.768
0.752
0.873
0.729
0.548
0.62
0.857
0.808
0.686
0.433
0.648
0.448
0.84
0.493
0.317
0.875
0.925
0.63
0.757
0.566
0.489
0.546
0.548
0.479
0.496
0.484
0.493
0.614
0.648
0.464
0.644
0.65
0.583
0.539
0.595
0.493
1.102
0.816
0.626
0.649
0.956
0.766
1.062
1.132
1.138
0.991
1.496
0.746
0.812
1.2
0.894
0.869
0.942
1.226
1.221
0.548
0.55
0.491
0.712
0.713
0.638
0.409
0.645
0.719
0.678
0.66
0.677
0.359
0.62
1.172
0.979
1.131
1.149
1.114
0.865
0.832
1.136
1.32
1.297
1.269
1.141
1.169
1.203
1.353
1.111
0.669
0.493
0.696
0.668
0.621
0.693
0.588
0.776
0.835
0.651
0.685
0.91
0.743
0.64
0.658
0.693
0.642
0.594
0.793
0.785
0.578
0.56
1.146
1.072
1.041
1.086
1.252
1.163
1.014
1.261
1.062
1.217
1.558
1.204
1.188
1.37
1.17
1.215
1.128
1.128
1.135
0.411
0.681
0.606
0.72
0.927
1.091
0.769
1.008
0.818
0.726
0.772
1.201
0.486
0.486
0.659
0.598
0.624
0.469
0.514
0.541
0.57
0.474
0.494
0.44
0.481
0.544
0.563
0.531
0.834
0.63
0.351
0.589
1.302
0.86
0.887
0.427
0.712
0.89
0.755
1.177
0.581
0.793
0.742
0.911
1.019
0.827
0.842
0.609
0.772
1.267
1.229
1.107
0.483
0.874
1.218
0.603
1.338
0.83
0.517
1.216
1.078
0.565
0.672
1.053
0.589
0.601
0.849
0.415
0.627
0.621
0.917
0.609
1.12
0.544
1.376
0.985
0.723
0.937
0.81
0.55
0.922
0.613
1.3
0.603
1.432
0.604
0.868
0.889
