0.402
0.395
0.336
0.66
0.69
0.368
0.31
0.567
0.298
0.452
0.426
0.567
0.478
0.471
0.3
0.462
0.384
0.446
0.248
0.266
0.544
0.441
0.341
0.349
0.297
0.536
0.237
0.221
0.246
0.643
0.845
0.748
0.515
0.355
0.367
0.32
0.508
0.382
0.366
0.385
0.396
0.262
0.26
0.332
0.411
0.464
0.403
0.357
0.245
0.273
0.249
0.33
0.278
0.298
0.234
0.399
0.32
0.444
1.564
0.22
0.376
0.355
0.353
0.422
0.367
0.799
0.302
0.275
0.506
0.288
0.234
0.433
0.229
0.242
0.292
0.334
0.539
0.306
0.289
0.316
0.447
0.481
0.32
0.429
0.28
0.294
0.408
0.414
0.662
0.404
0.199
0.614
0.611
0.648
0.349
0.491
0.344
1.087
0.445
0.346
0.395
0.298
0.745
0.505
0.439
0.393
0.417
0.399
0.241
0.313
0.328
0.665
0.517
0.302
0.542
0.563
0.374
0.311
0.286
0.34
0.259
0.24
0.293
0.309
0.377
0.259
0.289
0.314
0.275
0.297
0.29
0.341
0.299
0.286
0.34
0.351
0.276
0.282
0.362
0.335
0.418
0.38
0.311
0.563
0.284
0.297
0.363
0.338
0.414
0.513
0.416
0.457
0.441
0.248
0.479
0.354
0.371
0.379
0.294
0.324
0.697
0.322
0.439
0.467
0.391
0.332
0.55
0.253
0.277
0.38
0.395
0.433
0.31
0.213
0.282
0.284
0.353
0.272
0.349
0.38
0.359
0.276
0.353
0.272
0.407
0.328
0.468
0.264
0.275
0.456
0.418
0.352
0.42
0.323
0.363
0.344
0.314
0.366
0.479
0.172
0.267
0.201
0.43
0.277
0.595
0.453
0.455
0.332
0.511
0.311
0.261
0.265
0.264
0.224
0.253
0.222
0.224
0.349
0.413
3.913
0.29
0.314
0.349
0.328
0.414
0.26
0.401
0.422
0.369
0.344
0.354
0.366
0.431
0.482
0.426
0.482
0.534
0.359
0.511
0.557
0.478
0.321
0.42
0.64
0.654
0.316
0.406
0.238
0.291
0.541
0.371
0.266
0.333
0.316
0.415
0.38
0.44
0.244
0.425
0.498
0.387
0.54
0.652
0.605
0.389
0.417
0.489
0.519
0.537
0.58
0.453
0.505
0.451
0.528
0.44
0.437
0.259
0.422
0.323
0.324
0.332
0.277
0.468
0.574
0.514
0.441
0.615
0.511
0.402
0.499
0.46
0.489
0.406
0.507
0.449
0.304
0.279
0.544
0.545
0.446
0.499
0.686
0.683
0.588
0.771
0.579
0.495
0.759
0.553
0.534
0.735
0.613
0.488
0.539
0.541
0.54
0.311
0.355
0.511
0.295
0.688
0.652
0.466
0.536
0.534
0.358
0.453
0.601
0.249
0.243
0.5
0.376
0.346
0.347
0.263
0.294
0.313
0.275
0.319
0.281
0.325
0.305
0.343
0.269
0.398
0.368
0.152
0.417
0.582
0.338
0.291
0.156
0.41
0.422
0.59
0.555
0.244
0.349
0.376
0.794
1.052
0.347
0.351
0.248
0.417
0.481
0.533
0.459
0.234
0.406
1.561
0.36
1.23
0.41
0.364
1.307
0.916
0.273
0.364
0.574
0.297
0.39
0.504
0.227
0.312
0.434
0.501
0.353
1.534
0.283
1.768
0.883
0.344
0.72
0.475
0.313
0.416
0.399
1.647
0.341
2.436
0.314
0.476
0.389
