0.426
0.419
0.386
0.407
0.41
0.383
0.405
0.38
0.4
0.371
0.427
0.44
0.469
0.476
0.341
0.326
0.423
0.433
0.365
0.36
0.452
0.421
0.409
0.405
0.374
0.403
0.39
0.379
0.384
0.474
0.359
0.571
0.549
0.37
0.377
0.326
0.474
0.366
0.418
0.432
0.343
0.374
0.349
0.398
0.444
0.452
0.486
0.354
0.386
0.369
0.371
0.386
0.398
0.414
0.379
0.375
0.418
0.4
0.392
0.377
0.402
0.453
0.442
0.398
0.374
0.471
0.405
0.359
0.387
0.401
0.349
0.435
0.399
0.365
0.347
0.375
0.455
0.338
0.34
0.39
0.48
0.578
0.357
0.351
0.376
0.369
0.343
0.467
0.447
0.354
0.37
0.355
0.434
0.479
0.385
0.401
0.388
0.405
0.38
0.347
0.411
0.364
0.351
0.401
0.397
0.392
0.4
0.388
0.406
0.38
0.414
0.357
0.355
0.367
0.361
0.465
0.395
0.424
0.441
0.407
0.382
0.402
0.396
0.392
0.414
0.41
0.41
0.417
0.407
0.391
0.4
0.4
0.404
0.397
0.378
0.408
0.412
0.405
0.399
0.395
0.431
0.369
0.469
0.369
0.341
0.396
0.369
0.359
0.329
0.404
0.402
0.365
0.41
0.454
0.475
0.365
0.394
0.379
0.397
0.377
0.333
0.387
0.397
0.46
0.344
0.441
0.448
0.342
0.34
0.432
0.467
0.427
0.32
0.382
0.346
0.354
0.41
0.394
0.393
0.42
0.393
0.336
0.323
0.329
0.344
0.361
0.414
0.396
0.401
0.404
0.365
0.399
0.619
0.379
0.343
0.394
0.43
0.434
0.357
0.374
0.447
0.365
0.413
0.372
0.282
0.465
0.523
0.42
0.559
0.366
0.342
0.348
0.413
0.361
0.356
0.341
0.357
0.38
0.397
0.21
0.405
0.371
0.368
0.307
0.351
0.399
0.469
0.398
0.374
0.38
0.464
0.416
0.449
0.48
0.455
0.445
0.558
0.392
0.443
0.434
0.471
0.443
0.393
0.46
0.436
0.379
0.323
0.344
0.402
0.369
0.36
0.365
0.378
0.385
0.374
0.357
0.371
0.314
0.344
0.448
0.45
0.461
0.467
0.478
0.432
0.427
0.447
0.529
0.607
0.454
0.559
0.535
0.502
0.539
0.468
0.356
0.385
0.373
0.382
0.379
0.374
0.348
0.377
0.382
0.379
0.38
0.389
0.381
0.377
0.357
0.378
0.363
0.383
0.392
0.401
0.356
0.368
0.46
0.44
0.442
0.445
0.436
0.44
0.42
0.446
0.442
0.484
0.446
0.433
0.455
0.463
0.465
0.465
0.451
0.466
0.449
0.465
0.377
0.345
0.384
0.42
0.424
0.426
0.415
0.38
0.405
0.367
0.432
0.411
0.336
0.382
0.376
0.354
0.356
0.385
0.365
0.366
0.363
0.353
0.373
0.35
0.368
0.353
0.371
0.514
0.395
0.13
0.319
0.455
0.426
0.402
0.329
0.371
0.391
0.397
0.432
0.376
0.417
0.38
0.408
0.402
0.437
0.447
0.393
0.374
0.493
0.451
0.464
0.33
0.427
0.387
0.378
0.411
0.387
0.356
0.416
0.403
0.394
0.406
0.422
0.39
0.371
0.399
0.37
0.394
0.371
0.396
0.37
0.382
0.379
0.405
0.377
0.409
0.385
0.384
0.375
0.405
0.383
0.383
0.377
0.388
0.38
0.385
0.418
