9.706
7.232
6.712
15.194
16.186
6.243
5.19
11.442
4.885
9.081
5.091
11.32
11.364
13.53
4.2
-1.391
8.517
12.233
4.152
4.366
15.612
11.343
2.332
6.223
4.117
10.306
3.629
3.757
3.566
9.694
12.58
14.856
13.273
6.566
6.64
3.92
15.498
7.349
7.696
11.139
4.789
2.591
1.38
6.926
11.846
13.096
15.8
4.254
3.002
3.999
3.494
5.365
4.078
6.379
3.089
6.62
5.942
8.686
20.869
2.475
7.93
12.278
13.615
7.634
7.088
10.505
3.109
2.664
9.331
4.49
3.695
10.649
-3.726
4.058
3.226
5.247
13.022
2.716
2.71
5.477
11.124
18.056
5.434
7.551
4.796
5.144
5.477
10.913
18.011
5.164
-0.205
9.354
15.288
16.777
6.117
11.037
8.818
24.929
7.56
5.239
9.434
6.31
8.471
13.592
9.421
7.189
8.936
9.575
6.343
4.521
7.825
14.728
6.53
3.801
8.167
14.472
6.553
7.174
7.526
5.134
5.019
3.838
4.051
5.434
6.052
3.885
7.327
6.953
4.527
4.946
4.352
6.099
5.404
6.417
6.563
4.791
5.782
3.467
7.444
7.176
12.06
6.076
6.057
12.812
3.771
5.608
4.38
6.936
4.233
9.304
7.593
9.381
7.125
1.961
15.282
2.601
7.535
4.516
5.658
5.566
11.741
5.804
8.485
12.839
6.645
9.283
14.165
-5.326
4.021
10.389
10.051
12.267
2.408
2.318
6.62
-9.39
7.162
5.868
5.435
7.558
7.64
2.2
1.836
1.383
2.455
4.659
9.768
5.792
3.065
7.454
9.705
7.666
9.062
6.0
3.377
5.932
5.356
6.994
8.861
-0.056
4.566
1.357
7.838
3.583
5.182
8.88
10.625
4.974
6.192
4.54
3.514
2.094
3.572
1.771
1.367
2.084
2.935
3.475
10.943
40.99
4.819
4.842
4.156
3.344
6.195
3.129
11.475
6.409
4.94
4.661
10.661
6.975
10.94
12.729
12.303
11.583
17.492
6.961
6.276
11.927
11.843
8.693
10.563
16.727
12.562
5.742
5.056
3.417
4.936
9.753
5.555
2.562
4.875
6.039
8.098
5.058
8.961
0.217
7.094
13.421
10.217
12.941
10.829
13.249
6.855
6.98
12.201
14.974
16.364
14.431
15.237
13.278
14.4
14.73
12.023
6.705
3.592
8.994
4.251
5.094
3.761
2.663
9.501
10.577
9.323
6.442
10.898
6.256
7.35
9.085
7.324
6.854
5.722
7.96
7.843
1.117
5.099
14.553
12.768
10.795
13.632
14.829
13.647
9.307
16.361
13.05
16.043
17.405
13.822
13.494
16.479
14.213
13.412
13.424
13.471
15.175
2.136
7.306
5.626
3.656
12.826
15.046
11.618
10.302
10.472
6.458
7.433
13.886
2.955
-3.117
6.235
6.115
5.882
6.842
4.649
4.942
6.553
4.143
4.394
4.603
5.403
6.815
5.608
5.022
8.494
9.374
-7.507
5.823
13.806
8.114
6.47
-0.025
5.215
9.398
13.465
13.951
4.053
8.349
8.262
14.43
18.772
8.899
8.217
4.547
8.799
13.987
12.734
12.718
2.352
10.149
30.29
5.305
47.924
6.043
5.796
26.124
29.945
4.871
6.585
10.34
4.548
7.719
10.472
2.358
5.325
6.952
11.091
6.959
21.45
4.089
45.921
17.998
5.075
14.502
7.125
4.215
9.45
6.024
28.316
4.953
23.985
4.497
7.402
7.898
