9.008
7.782
6.918
9.289
9.099
5.539
5.978
8.175
5.638
7.03
3.132
8.185
11.251
11.431
4.262
-3.103
7.402
8.869
5.115
4.97
10.361
9.216
3.331
6.564
4.03
5.287
5.024
5.22
4.71
8.399
6.12
11.136
12.987
6.439
6.509
2.868
12.599
7.034
8.094
10.45
3.764
4.067
2.181
6.721
10.088
11.532
11.403
4.981
4.889
5.391
3.948
5.919
5.506
7.254
4.944
5.594
6.72
7.978
5.257
3.804
7.735
11.184
11.699
7.572
6.734
4.714
4.244
3.101
7.91
4.549
4.826
9.525
-2.607
5.27
4.06
5.338
12.391
3.579
3.691
6.314
10.812
17.931
5.759
6.205
5.73
5.167
4.845
10.603
11.516
5.17
1.225
4.835
10.55
8.057
6.128
8.784
7.967
10.005
5.628
5.097
8.422
6.228
4.642
8.544
8.148
7.155
6.986
8.115
7.231
5.018
8.819
7.078
5.354
4.461
4.907
12.176
6.266
8.342
8.132
6.345
6.027
5.318
4.543
6.598
7.197
5.175
7.623
7.155
5.299
5.878
5.442
6.636
6.375
7.2
7.086
5.661
6.929
4.661
7.544
7.306
9.826
5.534
7.971
7.357
4.582
6.234
4.577
6.964
3.71
7.416
7.344
5.554
6.608
3.672
12.865
3.104
6.668
5.003
6.623
5.892
3.744
6.017
7.646
11.474
5.081
10.124
11.146
-4.814
4.327
9.626
10.372
10.06
2.823
3.769
5.011
-10.515
7.568
6.183
6.426
7.866
6.673
2.344
2.325
2.294
2.527
4.589
7.108
6.478
4.307
6.446
7.332
7.378
9.488
6.332
3.693
5.951
6.145
6.314
6.081
1.485
6.275
3.048
7.402
4.517
1.081
7.887
9.989
5.174
4.863
5.918
4.232
3.564
4.703
2.952
2.51
3.069
4.115
4.342
7.736
-2.259
5.183
5.855
5.052
3.215
5.554
4.114
10.822
6.524
5.058
5.349
10.537
6.315
9.648
10.759
10.865
7.911
15.676
6.806
6.573
10.976
10.054
9.622
8.264
11.23
8.422
6.364
4.044
4.338
6.276
6.559
6.139
3.875
5.555
5.582
5.979
4.795
7.461
0.599
5.182
10.971
9.834
11.407
9.593
9.597
7.744
7.466
10.006
13.979
14.764
11.392
13.967
12.441
13.413
14.802
12.243
5.434
4.956
6.886
4.805
5.138
4.879
3.174
6.622
6.953
6.825
5.265
7.634
5.911
5.561
6.581
5.027
4.164
5.356
6.331
6.101
2.255
5.608
10.32
11.178
9.594
9.894
9.989
10.988
8.742
9.659
10.038
12.302
10.57
9.897
9.83
12.172
10.836
10.839
11.108
10.347
11.037
2.082
6.437
4.101
4.767
8.559
8.893
8.612
7.652
7.071
6.555
6.25
10.931
4.654
-2.947
5.468
5.348
5.431
5.595
4.488
5.313
6.365
4.332
4.5
4.837
5.516
6.005
4.372
5.524
9.74
8.654
-8.451
3.934
11.222
8.507
7.406
1.478
4.638
8.431
6.111
9.861
4.817
7.778
7.677
7.429
7.801
9.265
8.842
6.024
6.782
13.99
10.573
11.256
3.334
8.111
8.002
6.105
8.888
6.084
4.681
8.194
9.243
5.345
6.207
8.249
5.299
5.432
7.369
3.344
5.338
6.004
8.799
5.417
8.03
4.878
9.326
7.926
5.216
8.148
5.287
5.15
5.657
6.039
7.683
5.409
7.659
5.293
5.917
8.209
