9.783
7.804
7.05
14.176
15.009
7.293
5.847
10.645
5.522
9.112
6.336
11.881
11.04
12.918
5.636
1.634
8.478
11.743
5.21
5.103
14.593
11.275
2.701
6.95
4.941
8.795
4.256
4.116
4.142
4.271
12.091
14.309
13.238
7.312
7.104
4.92
13.994
7.904
7.81
11.093
5.662
3.688
2.803
7.538
11.495
12.414
14.915
5.301
4.666
4.797
4.355
5.428
5.257
6.286
4.607
6.784
7.529
8.876
18.798
3.896
8.304
11.994
13.247
8.147
7.521
10.288
4.232
3.955
9.062
5.056
4.359
11.288
-1.272
5.237
4.11
6.044
12.162
3.908
3.576
6.569
10.878
17.15
5.28
7.555
5.705
5.437
5.767
10.661
16.691
5.817
1.4
8.974
14.304
15.084
6.865
10.43
9.166
20.585
8.004
6.243
9.489
6.561
7.678
11.949
8.79
7.791
8.724
9.371
6.687
5.498
8.641
13.92
6.761
4.405
7.024
14.281
6.95
7.27
7.99
5.435
5.267
4.809
4.876
5.698
6.842
4.822
7.938
6.78
5.744
5.429
4.705
6.266
6.212
6.308
6.493
5.248
5.891
4.285
7.391
7.457
11.817
6.082
8.319
11.431
5.055
5.927
5.122
7.213
5.233
9.145
7.636
8.741
7.678
2.896
14.887
4.148
7.48
5.044
6.524
5.823
11.073
5.778
7.881
12.571
7.437
9.565
13.3
-2.323
5.003
9.98
9.607
11.789
3.806
3.599
6.932
-4.938
7.534
6.593
6.344
8.561
8.296
3.641
3.498
3.136
3.636
5.181
9.726
6.303
4.3
8.031
9.663
7.804
8.725
6.957
4.523
6.278
5.834
7.263
8.806
1.276
5.268
2.953
8.25
4.104
5.97
8.625
9.229
5.73
3.639
5.241
4.78
3.729
3.538
3.405
2.976
3.572
4.359
4.653
9.527
32.75
5.916
5.798
5.562
4.865
6.625
3.649
11.414
7.066
5.882
5.212
11.15
7.606
10.794
12.477
12.413
11.367
16.936
7.868
6.833
11.919
11.004
8.589
10.035
15.293
12.995
5.947
6.647
4.832
5.951
9.693
6.473
3.126
5.174
6.71
8.109
5.483
8.384
2.727
7.298
13.108
9.536
12.462
10.614
12.528
7.14
7.399
11.771
14.378
12.998
13.371
12.802
12.583
13.796
12.855
10.401
6.795
4.426
9.243
5.672
6.219
5.38
5.188
9.386
9.868
8.745
6.471
10.588
6.696
7.252
8.81
7.517
6.944
6.444
8.152
8.117
2.917
6.193
13.821
12.104
10.609
13.085
13.735
12.969
9.148
14.619
12.07
14.697
19.654
13.893
12.874
15.525
13.591
12.953
12.469
13.247
14.519
2.136
7.9
5.8
4.936
11.46
13.693
10.548
10.041
10.148
6.542
7.538
13.421
3.516
-0.458
7.009
6.209
5.961
6.553
4.943
5.486
6.281
4.369
5.065
4.871
5.422
6.977
6.073
5.353
9.118
8.806
0.021
6.981
13.697
8.497
7.5
2.498
5.717
9.668
12.222
13.407
4.88
8.618
8.476
12.95
16.789
9.349
8.266
5.102
9.14
14.278
12.433
12.199
4.198
9.606
25.221
5.528
38.936
7.273
6.069
22.064
25.031
5.617
6.471
10.047
5.119
7.665
10.233
3.245
5.885
7.002
10.646
6.978
18.312
4.732
37.74
16.101
5.663
13.005
7.234
4.949
9.337
6.165
23.736
5.578
20.179
5.02
7.943
8.481
