0.553
0.585
0.527
0.503
0.473
0.52
0.576
0.469
0.568
0.31
0.576
0.51
0.539
0.482
0.634
0.634
0.558
0.476
0.512
0.509
0.551
0.515
0.578
0.539
0.505
0.426
0.662
0.561
0.539
0.423
0.393
0.399
0.453
0.376
0.528
0.473
0.539
0.45
0.537
0.556
0.511
0.613
0.498
0.524
0.581
0.559
0.539
0.519
0.509
0.515
0.452
0.524
0.582
0.578
0.592
0.553
0.59
0.462
0.202
0.636
0.585
0.589
0.6
0.504
0.525
0.603
0.597
0.529
0.485
0.592
0.574
0.522
0.751
0.551
0.551
0.526
0.459
0.577
0.58
0.585
0.567
0.539
0.528
0.508
0.561
0.518
0.417
0.51
0.335
0.527
0.681
0.438
0.485
0.483
0.532
0.519
0.483
0.401
0.463
0.488
0.541
0.485
0.369
0.452
0.52
0.578
0.506
0.517
0.619
0.539
0.577
0.385
0.465
0.591
0.419
0.543
0.513
0.58
0.604
0.632
0.631
0.613
0.578
0.626
0.555
0.595
0.564
0.584
0.553
0.634
0.621
0.559
0.61
0.622
0.608
0.585
0.62
0.619
0.568
0.583
0.487
0.561
0.751
0.406
0.532
0.482
0.521
0.605
0.472
0.508
0.543
0.394
0.57
0.702
0.51
0.516
0.562
0.582
0.552
0.536
0.346
0.545
0.52
0.522
0.441
0.616
0.561
0.565
0.583
0.422
0.533
0.396
0.464
0.547
0.534
0.473
0.448
0.513
0.591
0.573
0.477
0.496
0.524
0.516
0.501
0.457
0.457
0.582
0.607
0.491
0.47
0.526
0.552
0.52
0.501
0.556
0.642
0.599
0.469
0.636
0.622
0.656
0.566
0.6
0.337
0.621
0.575
0.617
0.46
0.615
0.535
0.545
0.595
0.586
0.606
0.571
0.618
0.576
0.444
0.07
0.54
0.607
0.564
0.463
0.486
0.59
0.503
0.605
0.594
0.515
0.551
0.536
0.577
0.565
0.505
0.547
0.49
0.51
0.587
0.401
0.397
0.617
0.446
0.437
0.437
0.577
0.471
0.546
0.648
0.412
0.531
0.567
0.564
0.551
0.543
0.558
0.515
0.485
0.567
0.52
0.539
0.574
0.588
0.567
0.619
0.619
0.56
0.573
0.594
0.512
0.567
0.635
0.572
0.577
0.58
0.506
0.586
0.447
0.491
0.465
0.483
0.478
0.48
0.488
0.493
0.523
0.5
0.544
0.539
0.479
0.514
0.493
0.51
0.499
0.489
0.589
0.579
0.488
0.538
0.511
0.499
0.46
0.536
0.576
0.419
0.497
0.518
0.42
0.514
0.484
0.528
0.508
0.521
0.562
0.512
0.491
0.511
0.544
0.482
0.581
0.563
0.493
0.587
0.545
0.501
0.45
0.481
0.493
0.604
0.58
0.506
0.474
0.451
0.458
0.474
0.478
0.503
0.486
0.505
0.488
0.481
0.478
0.467
0.499
0.581
0.522
0.208
0.399
0.453
0.528
0.56
0.224
0.544
0.489
0.497
0.475
0.557
0.559
0.507
0.463
0.423
0.615
0.635
0.606
0.498
0.51
0.54
0.447
0.513
0.542
0.351
0.551
0.338
0.511
0.53
0.392
0.393
0.556
0.553
0.514
0.569
0.519
0.534
0.54
0.534
0.5
0.483
0.509
0.426
0.579
0.334
0.457
0.543
0.473
0.503
0.573
0.493
0.562
0.364
0.571
0.396
0.599
0.514
0.496
