0.663
0.596
0.567
0.631
0.613
0.524
0.524
0.561
0.574
0.603
0.635
0.646
0.688
0.688
0.547
0.842
0.588
0.555
0.511
0.51
0.658
0.601
0.533
0.547
0.512
0.508
0.551
0.516
0.496
0.598
0.631
0.633
0.628
0.579
0.527
0.479
0.733
0.589
0.633
0.624
0.569
0.492
0.499
0.557
0.606
0.678
0.664
0.506
0.585
0.531
0.527
0.575
0.535
0.554
0.515
0.535
0.556
0.556
0.648
0.584
0.601
0.706
0.715
0.575
0.574
0.667
0.601
0.565
0.535
0.579
0.54
0.636
0.48
0.524
0.501
0.523
0.691
0.51
0.517
0.579
0.62
0.748
0.54
0.532
0.538
0.506
0.455
0.595
0.658
0.499
0.572
0.477
0.601
0.655
0.532
0.59
0.562
0.572
0.554
0.474
0.592
0.515
0.485
0.545
0.537
0.516
0.533
0.52
0.53
0.515
0.654
0.528
0.533
0.551
0.47
0.663
0.538
0.556
0.554
0.558
0.58
0.555
0.531
0.581
0.545
0.561
0.542
0.564
0.504
0.591
0.53
0.534
0.561
0.578
0.57
0.551
0.579
0.531
0.53
0.538
0.605
0.54
0.677
0.563
0.499
0.568
0.543
0.594
0.497
0.534
0.523
0.584
0.62
0.566
0.662
0.492
0.561
0.559
0.583
0.539
0.425
0.513
0.545
0.659
0.486
0.654
0.614
0.529
0.514
0.627
0.659
0.64
0.469
0.512
0.551
0.423
0.572
0.59
0.529
0.592
0.593
0.457
0.469
0.495
0.469
0.48
0.588
0.571
0.573
0.56
0.559
0.577
0.726
0.513
0.466
0.527
0.609
0.619
0.507
0.488
0.577
0.53
0.592
0.446
0.82
0.659
0.666
0.55
0.589
0.546
0.528
0.581
0.56
0.532
0.572
0.564
0.562
0.513
0.559
0.063
0.557
0.554
0.549
0.465
0.499
0.544
0.66
0.576
0.601
0.512
0.646
0.579
0.641
0.675
0.674
0.586
0.754
0.533
0.667
0.609
0.637
0.629
0.556
0.729
0.705
0.518
0.547
0.492
0.603
0.523
0.523
0.499
0.575
0.569
0.54
0.542
0.552
0.536
0.561
0.638
0.596
0.641
0.69
0.674
0.618
0.57
0.617
0.725
0.676
0.656
0.706
0.668
0.676
0.688
0.683
0.52
0.543
0.507
0.496
0.51
0.481
0.499
0.544
0.556
0.554
0.539
0.572
0.553
0.569
0.542
0.528
0.52
0.543
0.577
0.552
0.486
0.562
0.611
0.624
0.598
0.585
0.585
0.622
0.64
0.575
0.587
0.663
0.68
0.609
0.59
0.668
0.592
0.619
0.646
0.632
0.634
0.453
0.554
0.515
0.541
0.582
0.628
0.566
0.608
0.57
0.569
0.507
0.638
0.527
0.478
0.522
0.472
0.462
0.473
0.483
0.473
0.478
0.474
0.471
0.459
0.433
0.505
0.512
0.482
0.552
0.545
0.477
0.44
0.596
0.598
0.609
0.505
0.514
0.534
0.557
0.629
0.544
0.611
0.574
0.519
0.506
0.612
0.66
0.573
0.558
0.685
0.677
0.683
0.503
0.576
0.526
0.543
0.554
0.523
0.541
0.531
0.544
0.53
0.553
0.557
0.516
0.553
0.563
0.506
0.53
0.516
0.59
0.532
0.548
0.533
0.525
0.547
0.52
0.548
0.516
0.562
0.64
0.519
0.536
0.556
0.523
0.558
0.55
0.585
