41.265
34.203
28.085
52.131
53.147
27.152
23.404
37.414
19.859
31.322
18.034
47.993
50.927
55.992
21.684
-6.859
31.936
45.167
18.632
16.086
57.554
45.549
5.54
27.518
15.779
21.332
17.015
14.585
13.527
1.214
37.445
61.545
65.055
27.885
25.801
12.399
59.85
30.347
32.465
50.066
15.873
13.713
5.707
28.878
48.698
53.805
62.21
19.285
19.72
18.016
12.326
18.086
22.265
25.22
20.213
22.048
35.111
35.18
53.266
14.612
33.718
53.409
58.618
32.86
28.314
29.184
15.479
10.109
33.098
15.957
14.819
49.743
-18.222
21.703
12.494
21.461
55.112
12.238
9.35
28.223
50.097
88.268
16.611
24.933
21.916
17.793
16.003
46.997
65.53
18.889
2.148
25.195
56.642
50.92
27.027
39.344
36.932
65.784
26.257
21.854
38.712
22.471
18.482
39.724
32.332
32.533
30.879
36.445
29.754
20.159
41.328
45.069
21.913
13.93
15.877
64.283
25.138
32.54
34.999
21.607
20.435
19.559
17.098
22.458
30.242
19.204
33.823
25.403
22.727
21.625
17.205
24.392
26.499
25.138
25.068
18.696
24.526
16.42
28.449
30.048
48.187
20.608
45.763
35.889
18.739
21.875
16.132
28.715
14.43
33.365
28.337
24.322
31.221
10.857
67.858
13.272
26.3
16.67
27.818
21.093
27.06
19.26
27.602
56.056
23.819
45.136
55.171
-27.151
17.234
41.194
42.025
48.347
8.982
12.604
22.549
-43.649
30.424
26.496
26.343
38.142
32.505
8.774
8.553
7.976
7.083
14.983
35.57
26.262
16.948
30.067
35.387
30.609
38.933
28.039
14.477
22.076
23.788
27.209
28.535
-0.016
24.66
12.544
32.385
13.138
7.397
33.767
36.492
20.578
0.185
21.524
16.44
14.043
9.642
11.151
8.728
11.164
17.635
15.942
30.316
63.468
21.909
23.083
21.307
14.498
22.394
11.566
50.937
27.897
20.691
18.886
52.313
28.624
45.844
54.048
55.28
43.361
84.234
30.922
27.327
55.452
46.517
38.998
36.806
59.662
52.895
22.432
22.075
17.617
25.073
31.951
26.054
7.548
18.05
24.192
27.184
15.87
28.534
3.5
22.263
55.665
40.059
55.517
44.672
48.356
30.809
31.625
48.842
68.657
56.122
55.325
55.964
58.196
65.287
61.832
47.063
21.771
16.215
33.473
22.569
23.995
23.026
21.825
32.366
32.289
29.133
20.222
38.636
24.414
22.735
29.568
23.091
18.895
23.349
28.504
28.608
7.775
24.196
54.659
51.729
44.928
51.728
52.353
54.374
36.953
52.011
47.359
61.268
86.325
57.196
51.163
65.041
56.868
55.117
52.297
54.941
59.49
-2.93
29.752
15.263
19.517
40.138
48.161
37.58
36.764
34.172
23.078
24.991
56.277
12.837
-14.938
24.079
19.35
18.823
19.945
13.657
18.12
21.203
11.149
16.526
14.6
17.272
23.639
16.862
18.856
46.409
36.459
-10.289
21.203
59.144
36.823
33.654
8.688
17.633
38.929
37.766
52.941
17.425
34.724
34.299
43.43
55.011
42.61
36.98
19.876
32.615
71.53
52.484
53.359
14.968
35.455
72.898
20.882
111.616
29.655
18.675
67.329
76.699
20.33
23.454
38.379
18.843
24.687
37.341
8.136
20.268
23.075
41.397
22.346
55.687
16.926
110.551
51.593
20.754
42.579
22.426
18.658
29.759
21.2
67.743
20.584
59.101
17.623
27.868
37.722
