18.983
14.983
15.383
30.567
33.35
16.883
13.167
24.617
13.85
21.867
18.15
23.65
18.617
23.333
13.283
13.2
18.967
24.683
13.283
14.283
29.2
22.583
10.533
15.3
13.8
26.2
10.35
11.15
11.85
19.283
30.417
25.817
19.533
16.55
16.883
15.617
25.5
17.55
15.983
19.317
16.65
9.917
10.85
16.9
21.7
22.533
27.883
13.283
10.483
11.967
13.383
14.467
11.433
13.917
9.967
17.7
13.367
18.75
48.533
10.25
17.267
21.067
23.183
17.117
17.15
27.8
11.117
13.017
20.667
14.167
12.0
20.283
7.883
11.667
12.3
15.05
20.783
11.633
11.917
13.367
18.433
22.25
14.7
19.183
13.433
14.667
17.0
19.3
33.167
15.583
7.2
24.75
28.55
34.9
15.233
22.667
18.933
48.7
20.25
15.633
19.233
16.567
23.3
28.567
20.0
15.867
20.55
20.033
12.983
13.583
14.35
33.5
17.683
12.683
22.133
24.167
16.633
13.767
15.283
12.517
12.5
11.15
12.8
13.1
13.333
11.4
15.733
15.8
13.133
12.483
12.05
14.3
12.9
14.05
14.833
13.4
12.717
10.8
16.55
15.917
23.283
15.683
10.567
28.633
12.6
14.35
14.333
15.683
15.733
20.85
17.6
24.3
16.15
8.333
24.6
12.017
18.117
13.717
13.417
14.367
32.15
15.217
19.0
21.9
19.333
15.933
25.333
8.667
13.233
19.817
17.85
23.083
13.05
10.183
18.017
7.4
16.017
14.433
13.517
15.817
17.917
12.5
12.05
10.917
13.433
15.217
21.95
13.4
10.567
18.217
21.8
17.0
16.033
15.033
12.85
15.65
12.9
16.733
22.2
7.917
10.133
7.617
17.8
11.917
22.65
18.533
19.433
14.283
17.317
11.783
12.783
9.9
11.6
10.217
9.85
10.883
10.417
12.55
24.1
98.967
14.283
13.15
13.2
14.217
16.867
10.967
20.117
15.55
14.833
13.15
18.283
17.317
20.483
22.65
21.7
24.183
23.65
17.083
14.933
19.617
20.95
15.45
22.5
30.833
25.383
14.117
17.133
12.333
12.65
23.85
14.2
11.117
13.467
16.2
20.15
15.933
20.5
11.783
19.65
24.283
18.667
21.767
20.417
26.05
14.217
14.8
22.733
22.1
23.583
25.533
22.883
20.75
21.65
19.8
18.217
17.9
11.483
21.183
12.933
14.333
11.5
11.4
22.383
24.367
21.617
17.467
23.7
16.017
19.2
21.633
20.067
20.117
15.6
19.583
19.383
10.15
14.117
27.717
22.45
20.25
26.4
28.667
24.45
18.85
32.417
24.767
27.533
33.417
26.583
25.867
28.75
25.55
23.967
23.6
25.25
27.817
13.017
17.867
17.55
11.683
26.367
30.85
24.133
22.55
24.433
16.15
19.083
25.2
9.717
9.317
17.467
16.9
16.2
17.95
15.0
14.683
16.15
14.1
13.883
14.183
14.9
17.583
17.75
13.733
13.417
17.75
8.633
18.967
24.7
16.3
14.067
7.95
15.883
19.833
30.767
27.017
12.633
17.967
17.633
30.517
39.467
16.483
15.283
12.15
21.25
20.083
23.35
21.917
11.267
21.533
63.367
13.3
96.833
15.4
16.717
53.783
60.467
13.967
15.65
21.667
12.8
19.767
23.0
11.267
15.083
18.0
22.383
18.317
45.217
12.317
92.617
38.617
13.917
31.217
19.3
12.217
23.65
15.683
60.283
13.667
50.817
13.083
19.1
15.733
