11.662
9.566
8.607
13.303
13.472
8.781
7.282
10.433
7.673
7.606
10.499
14.492
11.573
13.027
6.762
5.25
9.869
12.062
7.833
6.961
14.372
12.062
6.717
9.159
7.157
7.763
6.292
5.166
5.95
6.294
10.669
15.467
14.682
8.061
8.874
6.023
14.411
8.997
9.735
11.864
6.689
5.333
5.135
8.388
12.262
13.796
15.215
6.93
7.035
6.471
6.127
6.515
6.961
7.604
6.878
7.645
9.297
10.272
15.105
6.081
10.206
12.998
14.213
9.933
8.622
11.059
6.081
5.586
9.828
6.953
6.424
12.395
5.697
6.956
5.665
7.1
13.643
5.99
5.911
9.082
12.277
17.359
6.18
8.946
7.114
7.014
7.009
12.313
16.047
7.121
5.356
6.854
14.873
14.47
8.486
10.885
10.278
13.216
9.118
8.094
10.933
7.55
7.073
10.664
9.793
8.837
8.448
9.92
7.664
7.137
10.065
12.523
7.809
7.177
6.963
14.677
7.469
8.505
8.741
6.419
7.179
6.642
6.023
7.387
7.503
6.726
9.662
7.718
7.953
7.125
6.471
7.56
7.783
8.138
7.862
7.403
7.743
6.143
8.404
8.192
12.841
7.072
9.142
10.074
6.821
7.362
7.046
7.663
6.267
9.916
9.527
6.777
9.483
5.261
15.048
7.306
8.162
6.523
8.463
7.301
8.382
7.474
8.711
13.626
8.586
11.259
14.12
6.143
7.376
10.768
11.307
12.589
6.539
5.954
7.421
3.879
9.862
7.281
8.387
10.267
9.474
5.421
5.911
5.258
5.759
5.894
10.124
8.145
6.399
8.92
10.928
8.921
10.117
9.336
6.431
8.231
9.025
9.66
7.96
5.096
7.373
6.006
9.236
6.197
3.714
10.552
11.118
7.288
8.315
7.317
6.67
5.92
6.328
5.326
6.056
6.05
5.82
7.242
9.797
6.575
7.451
8.058
7.689
6.844
8.244
5.546
13.337
8.928
8.013
7.103
12.221
9.285
12.473
13.504
13.747
11.895
16.666
9.922
9.126
14.507
11.554
9.871
11.143
14.701
13.851
7.083
6.503
7.082
7.989
9.129
7.201
5.499
7.453
8.47
9.047
6.835
8.824
4.745
7.363
14.273
11.322
13.246
11.99
13.159
9.311
9.439
12.856
14.933
14.023
14.399
14.205
13.843
14.857
14.238
12.561
7.692
6.454
9.371
8.072
8.233
7.765
7.848
9.654
9.649
8.677
7.404
11.13
8.597
8.466
9.411
8.169
8.256
6.754
9.563
9.494
6.905
8.133
14.414
13.263
11.696
13.33
14.06
13.744
11.554
14.468
12.868
15.431
19.178
14.6
13.874
16.043
14.28
14.179
13.146
14.113
14.816
5.252
9.389
6.63
8.325
10.579
13.032
10.617
10.95
10.708
8.523
8.145
14.372
6.245
5.76
8.247
6.673
7.32
5.748
5.721
6.14
7.565
5.07
6.268
5.897
6.371
7.357
6.494
6.417
8.772
9.208
4.952
7.558
14.589
10.089
9.858
5.04
7.018
10.957
9.441
13.574
6.677
10.565
9.554
11.053
12.127
10.856
10.551
6.869
9.653
15.438
13.483
12.946
6.415
10.531
13.566
7.15
16.42
9.267
6.688
13.782
15.382
7.594
7.954
11.342
6.996
7.437
9.934
5.625
7.246
7.712
11.193
7.006
12.178
6.471
18.259
12.946
7.838
11.98
7.708
7.025
11.574
6.612
13.151
7.142
12.326
6.61
8.776
10.425
