13.45
10.78
11.05
20.28
22.03
12.25
10.02
17.6
9.37
13.18
13.1
16.68
12.57
15.82
10.25
14.98
14.05
16.78
8.43
9.17
21.05
15.28
9.2
10.45
9.9
21.08
7.67
8.07
9.08
15.63
22.45
23.47
17.2
10.83
12.2
10.7
17.15
10.8
11.5
12.87
13.98
7.78
8.2
11.08
15.23
14.63
19.1
9.55
7.83
8.7
10.55
10.28
8.3
10.42
7.15
12.6
10.07
12.77
45.43
8.0
11.17
14.5
15.92
12.13
12.25
25.62
8.2
9.42
15.43
12.62
8.7
13.25
8.05
8.72
8.72
10.32
13.1
8.9
8.23
9.58
12.4
14.75
9.68
13.87
9.45
10.83
12.52
13.45
19.6
12.18
6.85
17.42
18.27
22.95
10.42
15.28
12.18
30.87
14.65
10.52
13.97
11.12
18.42
17.47
13.18
10.73
13.62
13.35
8.82
10.72
9.7
22.02
12.15
9.68
14.15
15.98
11.18
10.22
11.82
9.05
9.58
8.85
10.15
9.58
9.25
8.72
11.03
11.27
9.25
9.35
9.13
9.62
9.75
10.02
10.5
9.82
9.42
8.33
11.38
11.73
14.73
12.03
8.98
19.37
8.85
9.92
10.33
10.32
11.43
15.85
14.6
17.13
11.92
7.45
16.4
9.92
13.42
10.3
9.75
10.52
23.42
11.3
13.87
15.25
12.82
11.12
16.78
8.32
9.72
13.07
12.32
15.35
9.38
8.1
12.97
9.85
10.45
10.1
11.02
10.77
11.68
10.23
9.47
8.45
11.4
9.87
14.57
10.05
8.23
12.85
15.33
11.97
13.37
10.95
9.45
11.72
9.67
11.93
15.62
6.38
7.57
6.48
13.37
9.78
15.9
13.52
13.78
10.52
14.82
8.85
8.3
6.82
9.22
7.58
7.62
8.48
7.77
10.28
17.33
103.62
10.7
9.98
9.93
10.42
13.57
8.47
13.2
12.08
11.58
9.9
12.83
11.42
14.25
16.22
13.52
18.58
14.53
12.22
13.43
16.47
16.83
10.82
14.45
20.63
17.62
9.77
11.88
8.9
9.58
16.7
10.57
8.93
9.93
10.63
15.53
11.82
14.17
8.7
14.13
16.23
11.83
15.4
15.32
19.33
10.57
11.05
15.17
15.12
15.87
16.4
15.87
14.23
14.47
13.23
12.35
12.83
8.55
14.88
10.4
11.63
8.75
9.4
15.98
17.58
15.55
13.43
17.2
12.28
14.42
15.45
15.07
15.52
11.92
14.2
14.77
8.35
9.35
19.23
15.42
13.47
18.58
19.85
16.58
12.83
23.77
17.83
19.13
25.32
18.33
17.8
18.03
18.43
16.73
15.87
17.45
18.75
10.07
12.48
12.27
8.98
19.33
21.05
17.43
15.53
17.23
11.05
12.97
16.17
7.88
8.32
13.92
10.8
10.43
11.58
10.0
9.82
10.13
9.73
9.57
9.37
9.98
10.78
11.35
9.27
11.22
14.63
6.1
12.93
17.15
10.68
8.92
5.88
11.8
12.93
23.53
16.58
8.92
12.9
11.97
24.68
31.9
12.05
10.8
8.28
13.43
13.38
15.2
13.95
9.05
15.35
45.22
9.6
65.45
10.78
12.33
39.42
42.57
10.03
12.08
14.58
9.95
14.02
15.43
8.92
11.6
13.95
14.98
13.08
32.37
9.57
67.75
26.6
10.18
21.45
13.87
9.23
16.6
11.68
43.05
10.25
36.72
9.77
13.93
11.27
