4.88
4.878
4.541
4.721
4.631
4.294
4.551
4.616
4.325
4.245
4.558
5.056
5.265
5.234
4.38
4.111
4.685
4.726
4.186
4.153
5.032
4.766
4.681
4.459
4.187
4.315
4.558
4.421
4.298
5.292
4.248
5.708
5.894
4.329
4.389
3.97
5.317
4.355
4.782
5.05
4.166
4.336
4.057
4.397
4.989
5.172
5.23
4.244
4.363
4.326
4.206
4.39
4.426
4.669
4.346
4.32
4.669
4.643
4.563
4.327
4.567
5.115
5.178
4.547
4.414
5.024
4.631
3.959
4.535
4.721
4.288
4.795
4.342
4.441
4.099
4.26
5.332
4.193
4.171
4.571
5.177
6.291
4.344
4.356
4.389
4.333
4.102
4.982
4.994
4.233
4.413
4.131
4.912
5.196
4.488
4.686
4.545
4.836
4.266
4.176
5.053
4.277
4.159
4.532
4.624
4.548
4.429
4.608
4.725
4.326
4.905
4.291
4.194
4.325
4.183
5.312
4.432
5.042
4.874
4.575
4.683
4.528
4.413
4.632
4.633
4.517
4.653
4.629
4.376
4.585
4.531
4.519
4.626
4.777
4.678
4.413
4.935
4.476
4.614
4.626
4.869
4.518
5.088
4.433
4.24
4.378
4.185
4.542
4.012
4.658
4.662
4.17
4.629
4.54
5.347
4.38
4.45
4.41
4.541
4.412
3.89
4.392
4.524
5.197
4.052
5.093
5.138
3.792
4.369
4.868
5.237
4.958
3.895
4.404
4.413
4.023
4.689
4.465
4.634
4.735
4.439
4.108
4.035
3.995
4.052
4.074
4.685
4.66
4.425
4.435
4.509
4.551
5.958
4.456
4.107
4.402
4.872
4.734
4.284
4.269
4.757
4.424
4.651
4.403
3.358
4.888
5.276
4.467
6.115
4.568
4.086
4.178
4.664
4.112
4.073
4.109
4.378
4.344
4.724
3.859
4.378
4.493
4.308
3.962
4.379
4.474
5.076
4.564
4.337
4.396
5.116
4.402
5.068
5.268
5.052
5.052
6.038
4.426
4.815
5.346
5.244
4.986
4.546
4.978
5.038
4.485
3.95
4.179
4.576
4.319
4.462
4.251
4.435
4.388
4.425
4.188
4.48
3.686
4.163
5.022
4.917
5.299
5.172
5.07
4.916
4.858
4.92
5.691
6.021
5.123
5.804
5.607
5.541
5.946
5.582
4.289
4.408
4.411
4.35
4.371
4.356
4.159
4.416
4.422
4.495
4.368
4.595
4.489
4.396
4.391
4.265
4.214
4.423
4.424
4.441
4.084
4.342
5.001
5.12
4.891
4.855
4.911
5.072
4.821
4.904
5.03
5.366
5.068
4.878
4.952
5.203
5.267
5.107
5.113
5.021
5.027
4.631
4.417
4.038
4.46
4.749
4.69
4.71
4.618
4.432
4.548
4.281
4.967
4.582
3.86
4.395
4.224
4.229
4.275
4.14
4.216
4.393
4.153
4.229
4.194
4.313
4.3
4.008
4.367
5.339
5.054
2.359
3.887
5.063
4.732
4.617
3.873
4.213
4.584
4.508
4.783
4.393
4.74
4.607
4.814
4.767
4.961
4.989
4.43
4.311
5.623
4.987
5.121
4.16
4.683
4.421
4.499
4.613
4.413
4.291
4.575
4.656
4.311
4.574
4.618
4.446
4.324
4.534
4.208
4.325
4.367
4.684
4.285
4.49
4.388
4.632
4.45
4.437
4.494
4.268
4.406
4.674
4.426
4.352
4.419
4.431
4.39
4.376
4.741
